0	55
1	99
2	85
3	121
4	223
5	315
6	482
7	948
8	1739
9	3581
10	9022
11	24864
12	11947
13	6861
14	4652
15	3589
16	2869
17	2313
18	1887
19	1721
20	1476
21	1365
22	1162
23	1107
24	992
25	937
26	867
27	726
28	692
29	582
30	555
31	489
32	479
33	434
34	413
35	361
36	349
37	293
38	266
39	259
40	237
41	232
42	231
43	193
44	168
45	164
46	145
47	131
48	158
49	163
50	131
51	122
52	121
53	104
54	105
55	103
56	109
57	90
58	80
59	85
60	91
61	61
62	75
63	76
64	74
65	69
66	70
67	67
68	72
69	60
70	55
71	58
72	55
73	57
74	52
75	53
76	49
77	50
78	45
79	49
80	55
81	46
82	46
83	34
84	40
85	27
86	47
87	41
88	42
89	38
90	29
91	36
92	30
93	35
94	23
95	38
96	38
97	38
98	38
99	32
100	37
101	28
102	25
103	29
104	24
105	39
106	19
107	19
108	32
109	30
110	15
111	19
112	29
113	26
114	27
115	18
116	27
117	24
118	18
119	19
120	13
121	23
122	18
123	17
124	22
125	17
126	15
127	20
128	15
129	15
130	18
131	18
132	17
133	14
134	17
135	18
136	23
137	15
138	10
139	15
140	18
141	11
142	20
143	18
144	17
145	26
146	13
147	17
148	12
149	16
150	11
151	19
152	16
153	7
154	13
155	19
156	8
157	11
158	19
159	12
160	18
161	16
162	18
163	14
164	12
165	15
166	17
167	19
168	15
169	18
170	10
171	15
172	6
173	16
174	11
175	17
176	17
177	10
178	13
179	17
180	13
181	14
182	13
183	15
184	15
185	13
186	10
187	15
188	9
189	21
190	10
191	14
192	10
193	13
194	12
195	17
196	16
197	7
198	12
199	14
200	11
201	20
202	14
203	29
204	18
205	15
206	12
207	21
208	10
209	21
210	15
211	16
212	20
213	31
214	20
215	20
216	17
217	19
218	19
219	24
220	19
221	22
222	21
223	19
224	34
225	28
226	29
227	17
228	20
229	26
230	18
231	25
232	42
233	37
234	52
235	48
236	63
237	69
238	88
239	107
240	117
241	122
242	175
243	216
244	238
245	275
246	359
247	482
248	625
249	805
250	1054
251	1583
252	3117
253	5788
254	10514
255	29230


0	0
1	0
2	0
3	0
4	0
5	1
6	2
7	3
8	6
9	12
10	27
11	69
12	89
13	100
14	108
15	114
16	119
17	122
18	126
19	128
20	131
21	133
22	135
23	137
24	139
25	140
26	142
27	143
28	144
29	145
30	146
31	147
32	148
33	148
34	149
35	150
36	150
37	151
38	151
39	151
40	152
41	152
42	153
43	153
44	153
45	154
46	154
47	154
48	154
49	154
50	155
51	155
52	155
53	155
54	155
55	156
56	156
57	156
58	156
59	156
60	156
61	157
62	157
63	157
64	157
65	157
66	157
67	157
68	157
69	157
70	158
71	158
72	158
73	158
74	158
75	158
76	158
77	158
78	158
79	158
80	158
81	158
82	159
83	159
84	159
85	159
86	159
87	159
88	159
89	159
90	159
91	159
92	159
93	159
94	159
95	159
96	159
97	159
98	160
99	160
100	160
101	160
102	160
103	160
104	160
105	160
106	160
107	160
108	160
109	160
110	160
111	160
112	160
113	160
114	160
115	160
116	160
117	160
118	160
119	160
120	160
121	160
122	160
123	161
124	161
125	161
126	161
127	161
128	161
129	161
130	161
131	161
132	161
133	161
134	161
135	161
136	161
137	161
138	161
139	161
140	161
141	161
142	161
143	161
144	161
145	161
146	161
147	161
148	161
149	161
150	161
151	161
152	161
153	161
154	161
155	161
156	161
157	161
158	161
159	161
160	162
161	162
162	162
163	162
164	162
165	162
166	162
167	162
168	162
169	162
170	162
171	162
172	162
173	162
174	162
175	162
176	162
177	162
178	162
179	162
180	162
181	162
182	162
183	162
184	162
185	162
186	162
187	162
188	162
189	162
190	162
191	162
192	162
193	162
194	162
195	162
196	162
197	162
198	162
199	162
200	162
201	162
202	162
203	163
204	163
205	163
206	163
207	163
208	163
209	163
210	163
211	163
212	163
213	163
214	163
215	163
216	163
217	163
218	163
219	163
220	163
221	163
222	163
223	163
224	163
225	163
226	163
227	163
228	163
229	163
230	163
231	163
232	164
233	164
234	164
235	164
236	164
237	164
238	164
239	164
240	165
241	165
242	165
243	165
244	166
245	166
246	167
247	168
248	169
249	170
250	172
251	174
252	180
253	189
254	207
255	256


0	29813
1	315
2	482
3	948
4	0
5	0
6	1739
7	0
8	0
9	0
10	0
11	0
12	3581
13	0
14	0
15	0
16	0
17	0
18	0
19	0
20	0
21	0
22	0
23	0
24	0
25	0
26	0
27	9022
28	0
29	0
30	0
31	0
32	0
33	0
34	0
35	0
36	0
37	0
38	0
39	0
40	0
41	0
42	0
43	0
44	0
45	0
46	0
47	0
48	0
49	0
50	0
51	0
52	0
53	0
54	0
55	0
56	0
57	0
58	0
59	0
60	0
61	0
62	0
63	0
64	0
65	0
66	0
67	0
68	0
69	24864
70	0
71	0
72	0
73	0
74	0
75	0
76	0
77	0
78	0
79	0
80	0
81	0
82	0
83	0
84	0
85	0
86	0
87	0
88	0
89	11947
90	0
91	0
92	0
93	0
94	0
95	0
96	0
97	0
98	0
99	0
100	6861
101	0
102	0
103	0
104	0
105	0
106	0
107	0
108	4652
109	0
110	0
111	0
112	0
113	0
114	3589
115	0
116	0
117	0
118	0
119	2869
120	0
121	0
122	2313
123	0
124	0
125	0
126	1887
127	0
128	1721
129	0
130	0
131	1476
132	0
133	1365
134	0
135	1162
136	0
137	1107
138	0
139	992
140	937
141	0
142	867
143	726
144	692
145	582
146	555
147	489
148	913
149	413
150	710
151	818
152	469
153	592
154	761
155	583
156	558
157	624
158	624
159	582
160	628
161	589
162	602
163	605
164	506
165	630
166	513
167	359
168	482
169	625
170	805
171	0
172	1054
173	0
174	1583
175	0
176	0
177	0
178	0
179	0
180	3117
181	0
182	0
183	0
184	0
185	0
186	0
187	0
188	0
189	5788
190	0
191	0
192	0
193	0
194	0
195	0
196	0
197	0
198	0
199	0
200	0
201	0
202	0
203	0
204	0
205	0
206	0
207	10514
208	0
209	0
210	0
211	0
212	0
213	0
214	0
215	0
216	0
217	0
218	0
219	0
220	0
221	0
222	0
223	0
224	0
225	0
226	0
227	0
228	0
229	0
230	0
231	0
232	0
233	0
234	0
235	0
236	0
237	0
238	0
239	0
240	0
241	0
242	0
243	0
244	0
245	0
246	0
247	0
248	0
249	0
250	0
251	0
252	0
253	0
254	0
255	0
